Ba            1.9597107482        1.8713397913        9.4734241915
Ba            1.9597107482        1.8713397913       21.2823918114
Ba            5.8791312051        1.8713397913        9.5894865180
Ba            5.8791312051        1.8713397913       21.2866366295
Ba            1.9597107482        1.8713397913        2.1597702521
Ba            1.9597107482        1.8713397913       13.9687595392
Ba            5.8791312051        1.8713397913        2.1552439512
Ba            5.8791312051        1.8713397913       13.8526694330
Ca            1.9597107482        1.8713397913        5.8297021374
Ca            1.9597107482        1.8713397913       17.6124680087
Y             5.8791312051        1.8713397913        5.8552617430
Y             5.8791312051        1.8713397913       17.5868357318
Cu            0.0123173129        0.0000000000        7.5933798966
Cu            0.0149367190        0.0000000000       19.3592120234
Cu            3.9071031440        0.0000000000        7.5933798966
Cu            3.9044837378        0.0000000000       19.3592120234
Cu            0.0149185306        0.0000000000        4.0828241107
Cu            0.0123223354        0.0000000000       15.8487569987
Cu            3.9045019262        0.0000000000        4.0828241107
Cu            3.9070981215        0.0000000000       15.8487569987
Cu           -0.0135279302        0.0000000000        0.0859223233
Cu           -0.0047999208        0.0000000000       11.7210683040
Cu           -0.0139880887        0.0000000000       23.3560274164
Cu            3.9329483871        0.0000000000        0.0859223233
Cu            3.9242203777        0.0000000000       11.7210683040
Cu            3.9334085456        0.0000000000       23.3560274164
O            -0.0065423844        1.8713397913       -0.1743744292
O            -0.3010476348        1.8713397913       11.7210529706
O            -0.0070481130        1.8713397913       23.6163288175
O             3.9259628413        1.8713397913       -0.1743744292
O             4.2204680917        1.8713397913       11.7210529706
O             3.9264685699        1.8713397913       23.6163288175
O             1.9597107482        0.0000000000        7.4165909342
O             1.9597107482        0.0000000000       19.2546895314
O             5.8791312051        0.0000000000        7.3203371835
O             5.8791312051        0.0000000000       19.0728269630
O             1.9597107482        0.0000000000        4.1874186436
O             1.9597107482        0.0000000000       16.0255931575
O             5.8791312051        0.0000000000        4.3692363004
O             5.8791312051        0.0000000000       16.1217693473
O            -0.0500090890        1.8713397913        7.2497817768
O            -0.0653381103        1.8713397913       19.0759802467
O             3.9694295459        1.8713397913        7.2497817768
O             3.9847585672        1.8713397913       19.0759802467
O            -0.0653364655        1.8713397913        4.3661162560
O            -0.0500011228        1.8713397913       16.1923627640
O             3.9847569224        1.8713397913        4.3661162560
O             3.9694215797        1.8713397913       16.1923627640
O             0.0499938780        0.0000000000        9.8358179432
O            -0.0226538251        0.0000000000       21.4771806242
O             3.8694265789        0.0000000000        9.8358179432
O             3.9420742820        0.0000000000       21.4771806242
O            -0.0226770670        0.0000000000        1.9648058715
O             0.0500047621        0.0000000000       13.6063044983
O             3.9420975238        0.0000000000        1.9648058715
O             3.8694156948        0.0000000000       13.6063044983
