CELL_PARAMETERS (angstrom)
  -7.587021933   7.807135371   0.000000000
   7.587021933   7.807135371   0.000000000
   0.000000000   0.000000000  11.698429422

ATOMIC_POSITIONS (angstrom)
Cu            0.0004230179        0.0013038292       -0.0001645955
Cu            0.0004230179        3.9022638562       -0.0001645955
O            -0.0051389334        1.9517838427       -0.0001138680
O            -0.0037657271        5.8549207625       -0.0001497927
O            -0.0033089749       -0.0024230902        1.8771296424
O            -0.0033089749        3.9059907756        1.8771296424
Ba           -1.8876853265        1.9517838427        2.1037724462
Ba            1.8967554831        1.9517838427        2.1360067571
Cu            0.0034073096        0.0055685867        4.1008590711
Cu            0.0034073096        3.8979990987        4.1008590711
O            -0.0548362496        1.9517838427        4.3490017850
O            -0.0080020536        5.8552377145        4.4049069580
O             1.8967554831        3.9614897310        4.3801379133
O            -1.8957723798        3.9103246070        4.4377416078
Y            -1.8778399339        1.9517838427        5.8491464317
Ca            1.8967554831        1.9517838427        5.8491139339
O            -0.0541733603        1.9517838427        7.3461611100
O            -0.0078988553        5.8552167932        7.2902740320
O             1.8967554831        3.9622791804        7.3223483494
O            -1.8957840187        3.9104672816        7.2646308659
Cu            0.0034239794        0.0055915006        7.5978695750
Cu            0.0034239794        3.8979761849        7.5978695750
Ba           -1.8876997821        1.9517838427        9.5941013796
Ba            1.8967554831        1.9517838427        9.5620184814
O            -0.0033809153       -0.0023544960        9.8210599216
O            -0.0033809153        3.9059221815        9.8210599216
Cu            3.7930879484        3.9022638562       -0.0001645955
Cu            3.7932761175        7.8072380765       -0.0001579340
O             3.7972766934        5.8549207625       -0.0001497927
O             3.7834384525        9.7589192136       -0.0001675873
O             3.7968199412        3.9059907756        1.8771296424
O             3.7936759677        7.8063153152        1.8819889520
Ba            1.8967554831        5.8473992568        2.1067087447
Ba            5.6902664494        5.8553515281        2.1001859517
Cu            3.7901036567        3.8979990987        4.1008590711
Cu            3.7942428748        7.8072479597        4.0976999645
O             3.8015130199        5.8552377145        4.4049069580
O             3.7932930720        9.7589192136        4.4043315291
O             5.6912495527        7.8003784493        4.4377416078
O             1.8967554831        7.8070544867        4.4356136713
Y             1.8967554831        5.8360363898        5.8492923023
Y             5.6902664494        5.8553515281        5.8492227815
O             3.8014098216        5.8552167932        7.2902740320
O             3.7934885900        9.7589192136        7.2905872834
O             5.6912379139        7.8002357747        7.2646308659
O             1.8967554831        7.8072635056        7.2670991655
Cu            3.7900869869        3.8979761849        7.5978695750
Cu            3.7942529604        7.8072397474        7.6009491642
Ba            1.8967554831        5.8474459954        9.5913759347
Ba            5.6902664494        5.8553515281        9.5977764063
O             3.7968918816        3.9059221815        9.8210599216
O             3.7937607410        7.8063634672        9.8162149448
Cu           -3.7937458150        3.9034649798       -0.0001579340
Cu           -3.7939339841        7.8084392001       -0.0001645955
O            -3.7897452392        5.8557822938       -0.0001497927
O            -3.7883720328        9.7589192136       -0.0001138680
O            -3.7933459648        3.9043877410        1.8819889520
O            -3.7902019914        7.8047122807        1.8771296424
Ba           -5.6902664494        5.8633037995        2.1067087447
Ba           -1.8967554831        5.8553515281        2.1001859517
Cu           -3.7927790577        3.9034550966        4.0976999645
Cu           -3.7969182759        7.8127039575        4.1008590711
O            -3.7855089127        5.8554653418        4.4049069580
O            -3.7386747166        9.7589192136        4.3490017850
O            -1.8977385865        7.8003784493        4.4377416078
O            -5.6902664494        7.7492133253        4.3801379133
Y            -5.6902664494        5.8746666665        5.8492923023
Y            -1.8967554831        5.8553515281        5.8492227815
O            -3.7856121109        5.8554862631        7.2902740320
O            -3.7393376060        9.7589192136        7.3461611100
O            -1.8977269476        7.8002357747        7.2646308659
O            -5.6902664494        7.7484238759        7.3223483494
Cu           -3.7927689721        3.9034633089        7.6009491642
Cu           -3.7969349456        7.8127268714        7.5978695750
Ba           -5.6902664494        5.8632570609        9.5913759347
Ba           -1.8967554831        5.8553515281        9.5977764063
O            -3.7932611915        3.9043395891        9.8162149448
O            -3.7901300509        7.8047808748        9.8210599216
Cu            0.0002348488        7.8072380765       -0.0001579340
Cu            0.0002348488       11.7106003507       -0.0001579340
O             0.0100725138        9.7589192136       -0.0001675873
O            -0.0037657271       13.6629176646       -0.0001497927
O            -0.0001650014        7.8063153152        1.8819889520
O            -0.0001650014       11.7115231119        1.8819889520
Ba           -1.9058256398        9.7589192136        2.1037724462
Ba            1.8967554831        9.7589192136        2.0964847970
Cu           -0.0007319085        7.8072479597        4.0976999645
Cu           -0.0007319085       11.7105904674        4.0976999645
O             0.0002178942        9.7589192136        4.4043315291
O            -0.0080020536       13.6626007126        4.4049069580
O             1.8967554831       11.7107839405        4.4356136713
O            -1.8977385865       11.7174599779        4.4377416078
Y            -1.9156710324        9.7589192136        5.8491464317
Y             1.8967554831        9.7589192136        5.8492169554
O             0.0000223762        9.7589192136        7.2905872834
O            -0.0078988553       13.6626216339        7.2902740320
O             1.8967554831       11.7105749216        7.2670991655
O            -1.8977269476       11.7176026525        7.2646308659
Cu           -0.0007419941        7.8072397474        7.6009491642
Cu           -0.0007419941       11.7105986798        7.6009491642
Ba           -1.9058111841        9.7589192136        9.5941013796
Ba            1.8967554831        9.7589192136        9.6014806951
O            -0.0002497747        7.8063634672        9.8162149448
O            -0.0002497747       11.7114749600        9.8162149448
End final coordinates
